0
0
0
0
0
0
0
0
0
0
0
0
0
0
0
0
0
0
0
0
0
0
0
0
0
0
0
0
0
0
0
0
0
0
0
0
0
0
0
0
0
0
0
0
0
0
0
0
0
0
0
0
0
0
0
0
0
0
0
0
0
0
0
327.869
136.054
137.931
285.714
0
0
0
0
0
0
0
0
0
0
0
0
0
0
0
0
327.869
327.869
322.581
312.5
312.5
312.5
317.46
322.581
327.869
327.869
327.869
327.869
327.869
327.869
322.581
322.581
317.46
307.692
289.855
281.69
273.973
266.667
256.41
250
243.902
243.902
240.964
238.095
235.294
232.558
229.885
224.719
222.222
227.273
229.885
229.885
232.558
232.558
232.558
229.885
227.273
224.719
227.273
0
0
0
0
0
0
294.118
298.507
298.507
0
0
246.914
250
253.165
253.165
256.41
259.74
256.41
250
246.914
0
0
0
250
250
253.165
253.165
253.165
250
246.914
243.902
240.964
238.095
238.095
240.964
250
259.74
266.667
270.27
263.158
263.158
263.158
263.158
266.667
266.667
263.158
263.158
263.158
263.158
263.158
256.41
263.158
263.158
266.667
266.667
266.667
266.667
263.158
263.158
259.74
256.41
250
250
229.885
0
0
0
0
0
0
0
0
0
250
229.885
219.78
222.222
224.719
222.222
217.391
217.391
217.391
215.054
212.766
212.766
210.526
210.526
210.526
210.526
215.054
217.391
224.719
235.294
0
0
0
0
0
0
0
0
0
0
0
0
250
229.885
232.558
235.294
235.294
229.885
0
0
273.973
259.74
253.165
253.165
250
246.914
243.902
243.902
240.964
243.902
243.902
243.902
240.964
235.294
229.885
229.885
235.294
240.964
243.902
246.914
243.902
0
0
0
0
0
0
0
0
253.165
246.914
246.914
253.165
256.41
259.74
259.74
259.74
256.41
259.74
259.74
259.74
263.158
263.158
263.158
259.74
259.74
256.41
253.165
250
246.914
243.902
240.964
238.095
232.558
232.558
232.558
0
0
0
0
0
0
0
0
0
0
0
0
0
0
0
0
0
0
0
0
0
0
0
0
0
0
0
0
0
0
0
0
0
0
0
0
266.667
266.667
256.41
246.914
246.914
240.964
240.964
238.095
235.294
229.885
224.719
219.78
215.054
212.766
210.526
208.333
208.333
208.333
206.186
206.186
206.186
208.333
210.526
210.526
212.766
210.526
212.766
215.054
0
0
0
0
0
0
0
0
0
0
0
0
0
0
0
0
0
0
0
0
0
0
0
0
0
0
0
0
0
0
0
0
0
0
0
0
0
0
0
0
